0 -0.00272843
0.00999528 -1.01029
0.0199906 -2.01384
0.0299858 -3.01319
0.0399811 -4.00817
0.0499764 -4.99861
0.0599717 -5.98435
0.0699669 -6.96522
0.0799622 -7.94108
0.0899575 -8.91177
0.0999528 -9.87714
0.109948 -10.8371
0.119943 -11.7914
0.129939 -12.74
0.139934 -13.6828
0.149929 -14.6196
0.159924 -15.5503
0.16992 -16.4749
0.179915 -17.3931
0.18991 -18.305
0.199906 -19.2103
0.209901 -20.1091
0.219896 -21.0012
0.229891 -21.8865
0.239887 -22.765
0.249882 -23.6366
0.259877 -24.5012
0.269872 -25.3588
0.279868 -26.2093
0.289863 -27.0526
0.299858 -27.8887
0.309854 -28.7176
0.319849 -29.5391
0.329844 -30.3533
0.339839 -31.1601
0.349835 -31.9595
0.35983 -32.7514
0.369825 -33.5359
0.37982 -34.3129
0.389816 -35.0824
0.399811 -35.8443
0.409806 -36.5987
0.419802 -37.3456
0.429797 -38.0849
0.439792 -38.8166
0.449787 -39.5408
0.459783 -40.2574
0.469778 -40.9664
0.479773 -41.6679
0.489769 -42.3619
0.499764 -43.0483
0.509759 -43.7273
0.519754 -44.3987
0.52975 -45.0627
0.539745 -45.7192
0.54974 -46.3683
0.559735 -47.01
0.569731 -47.6443
0.579726 -48.2712
0.589721 -48.8909
0.599717 -49.5032
0.609712 -50.1084
0.619707 -50.7063
0.629702 -51.297
0.639698 -51.8806
0.649693 -52.4571
0.659688 -53.0266
0.669684 -53.589
0.679679 -54.1445
0.689674 -54.693
0.699669 -55.2347
0.709665 -55.7696
0.71966 -56.2976
0.729655 -56.819
0.73965 -57.3337
0.749646 -57.8417
0.759641 -58.3432
0.769636 -58.8381
0.779632 -59.3266
0.789627 -59.8086
0.799622 -60.2843
0.809617 -60.7537
0.819613 -61.2168
0.829608 -61.6737
0.839603 -62.1245
0.849598 -62.5692
0.859594 -63.0079
0.869589 -63.4406
0.879584 -63.8674
0.88958 -64.2883
0.899575 -64.7034
0.90957 -65.1128
0.919565 -65.5165
0.929561 -65.9146
0.939556 -66.3071
0.949551 -66.6942
0.959547 -67.0757
0.969542 -67.4519
0.979537 -67.8227
0.989532 -68.1883
0.999528 -68.5486
0.99996 -68.5641
