0 -0.0027244
0.00993624 -0.255608
0.0198725 -0.507528
0.0298087 -0.758474
0.0397449 -1.00844
0.0496812 -1.25742
0.0596174 -1.5054
0.0695537 -1.75239
0.0794899 -1.99836
0.0894261 -2.24332
0.0993624 -2.48726
0.109299 -2.73017
0.119235 -2.97205
0.129171 -3.2129
0.139107 -3.4527
0.149044 -3.69145
0.15898 -3.92916
0.168916 -4.1658
0.178852 -4.40139
0.188789 -4.63591
0.198725 -4.86936
0.208661 -5.10174
0.218597 -5.33304
0.228533 -5.56326
0.23847 -5.79241
0.248406 -6.02046
0.258342 -6.24743
0.268278 -6.47331
0.278215 -6.6981
0.288151 -6.92179
0.298087 -7.14439
0.308023 -7.36589
0.31796 -7.58628
0.327896 -7.80558
0.337832 -8.02378
0.347768 -8.24087
0.357705 -8.45685
0.367641 -8.67174
0.377577 -8.88551
0.387513 -9.09818
0.397449 -9.30974
0.407386 -9.5202
0.417322 -9.72955
0.427258 -9.93779
0.437194 -10.1449
0.447131 -10.351
0.457067 -10.5559
0.467003 -10.7597
0.476939 -10.9624
0.486876 -11.164
0.496812 -11.3645
0.506748 -11.5639
0.516684 -11.7622
0.526621 -11.9594
0.536557 -12.1556
0.546493 -12.3506
0.556429 -12.5445
0.566366 -12.7373
0.576302 -12.929
0.586238 -13.1197
0.596174 -13.3092
0.60611 -13.4977
0.616047 -13.6851
0.625983 -13.8714
0.635919 -14.0566
0.645855 -14.2408
0.655792 -14.4239
0.665728 -14.6059
0.675664 -14.7868
0.6856 -14.9667
0.695537 -15.1455
0.705473 -15.3233
0.715409 -15.5
0.725345 -15.6756
0.735282 -15.8502
0.745218 -16.0238
0.755154 -16.1963
0.76509 -16.3677
0.775026 -16.5382
0.784963 -16.7075
0.794899 -16.8759
0.804835 -17.0432
0.814771 -17.2095
0.824708 -17.3748
0.834644 -17.5391
0.84458 -17.7023
0.854516 -17.8646
0.864453 -18.0258
0.874389 -18.1861
0.884325 -18.3453
0.894261 -18.5036
0.904198 -18.6608
0.914134 -18.8171
0.92407 -18.9724
0.934006 -19.1267
0.943943 -19.28
0.953879 -19.4324
0.963815 -19.5837
0.973751 -19.7342
0.983687 -19.8837
0.993624 -20.0322
0.99982 -20.1243
